1800	0.251	0.303	0.352
1801	0.230	0.295	0.379
1802	0.400	0.486	0.544
1803	0.284	0.341	0.408
1804	0.281	0.330	0.389
1805	0.264	0.371	0.449
1806	0.261	0.310	0.373
1807	0.326	0.382	0.435
1808	0.306	0.386	0.472
1809	0.237	0.315	0.379
1810	0.263	0.313	0.372
1811	0.300	0.357	0.405
1812	0.291	0.369	0.448
1813	0.358	0.419	0.463
1814	0.329	0.376	0.422
1815	0.253	0.301	0.359
1816	0.222	0.306	0.400
1817	0.318	0.362	0.397
1818	0.296	0.350	0.408
1819	0.226	0.274	0.329
1820	0.243	0.290	0.343
1821	0.263	0.317	0.380
1822	0.242	0.309	0.383
1823	0.229	0.262	0.301
1824	0.259	0.290	0.319
1825	0.221	0.251	0.283
1826	0.211	0.240	0.271
1827	0.299	0.329	0.360
1828	0.255	0.305	0.357
1829	0.212	0.239	0.268
1830	0.239	0.261	0.283
1831	0.197	0.219	0.245
1832	0.266	0.294	0.320
1833	0.250	0.281	0.311
1834	0.228	0.257	0.289
1835	0.293	0.321	0.347
1836	0.269	0.306	0.342
1837	0.232	0.263	0.292
1838	0.257	0.289	0.320
1839	0.251	0.284	0.318
1840	0.228	0.255	0.287
1841	0.257	0.293	0.326
1842	0.212	0.236	0.264
1843	0.213	0.242	0.272
1844	0.216	0.239	0.265
1845	0.254	0.283	0.308
1846	0.246	0.279	0.313
1847	0.251	0.286	0.322
1848	0.245	0.276	0.312
1849	0.242	0.265	0.289
1850	0.272	0.307	0.334
1851	0.236	0.276	0.313
1852	0.267	0.292	0.315
1853	0.288	0.315	0.344
1854	0.276	0.299	0.322
1855	0.289	0.314	0.340
1856	0.311	0.334	0.357
1857	0.289	0.309	0.327
1858	0.275	0.295	0.320
1859	0.268	0.288	0.309
1860	0.279	0.302	0.327
1861	0.285	0.315	0.348
1862	0.281	0.314	0.343
1863	0.287	0.312	0.335
1864	0.278	0.299	0.320
1865	0.294	0.316	0.339
1866	0.253	0.283	0.311
1867	0.296	0.319	0.341
1868	0.295	0.316	0.337
1869	0.281	0.309	0.343
1870	0.280	0.303	0.327
1871	0.293	0.311	0.331
1872	0.272	0.289	0.306
1873	0.314	0.334	0.352
1874	0.279	0.299	0.321
1875	0.278	0.299	0.322
1876	0.293	0.314	0.332
1877	0.276	0.294	0.314
1878	0.269	0.287	0.304
1879	0.296	0.319	0.345
1880	0.282	0.300	0.318
1881	0.283	0.305	0.326
1882	0.263	0.279	0.299
1883	0.290	0.304	0.320
1884	0.282	0.298	0.316
1885	0.261	0.283	0.305
1886	0.255	0.290	0.320
1887	0.287	0.303	0.320
1888	0.274	0.291	0.307
1889	0.284	0.305	0.325
1890	0.270	0.284	0.298
1891	0.294	0.308	0.322
1892	0.286	0.300	0.314
1893	0.271	0.283	0.296
1894	0.266	0.280	0.294
1895	0.250	0.269	0.286
1896	0.252	0.264	0.275
1897	0.254	0.267	0.280
1898	0.266	0.277	0.289
1899	0.246	0.258	0.270
1900	0.260	0.268	0.278
1901	0.266	0.281	0.294
1902	0.265	0.280	0.293
1903	0.271	0.284	0.298
1904	0.258	0.273	0.288
1905	0.271	0.287	0.301
1906	0.284	0.295	0.307
1907	0.266	0.278	0.291
1908	0.257	0.277	0.295
1909	0.266	0.277	0.289
1910	0.254	0.266	0.279
1911	0.276	0.286	0.297
1912	0.271	0.286	0.299
1913	0.283	0.296	0.307
1914	0.280	0.291	0.303
1915	0.278	0.292	0.305
1916	0.266	0.283	0.296
1917	0.285	0.298	0.310
1918	0.261	0.280	0.295
1919	0.278	0.290	0.300
1920	0.279	0.289	0.299
1921	0.280	0.290	0.302
1922	0.279	0.289	0.298
1923	0.251	0.260	0.269
1924	0.269	0.279	0.289
1925	0.254	0.264	0.274
1926	0.260	0.271	0.284
1927	0.255	0.266	0.275
1928	0.255	0.265	0.274
1929	0.257	0.266	0.274
1930	0.262	0.273	0.284
1931	0.255	0.276	0.291
1932	0.252	0.263	0.274
1933	0.263	0.273	0.283
1934	0.264	0.274	0.284
1935	0.258	0.267	0.277
1936	0.255	0.266	0.277
1937	0.254	0.267	0.279
1938	0.248	0.258	0.268
1939	0.236	0.248	0.261
1940	0.240	0.249	0.259
1941	0.268	0.280	0.292
1942	0.225	0.237	0.249
1943	0.237	0.247	0.257
1944	0.237	0.247	0.258
1945	0.253	0.263	0.272
1946	0.246	0.254	0.262
1947	0.251	0.260	0.268
1948	0.253	0.261	0.270
1949	0.248	0.258	0.268
1950	0.261	0.271	0.279
1951	0.265	0.274	0.282
1952	0.260	0.269	0.278
1953	0.251	0.259	0.267
1954	0.248	0.256	0.263
1955	0.242	0.250	0.258
1956	0.249	0.258	0.266
1957	0.259	0.267	0.276
1958	0.245	0.253	0.262
1959	0.248	0.257	0.266
1960	0.259	0.266	0.274
1961	0.252	0.260	0.268
1962	0.247	0.256	0.264
1963	0.247	0.254	0.261
1964	0.243	0.251	0.259
1965	0.241	0.247	0.254
1966	0.253	0.260	0.269
1967	0.241	0.249	0.258
1968	0.224	0.241	0.255
1969	0.254	0.261	0.268
1970	0.244	0.251	0.259
1971	0.250	0.257	0.264
1972	0.246	0.255	0.263
1973	0.248	0.255	0.263
1974	0.248	0.255	0.263
1975	0.259	0.267	0.274
1976	0.248	0.255	0.264
1977	0.253	0.260	0.267
1978	0.244	0.252	0.260
1979	0.252	0.259	0.268
1980	0.256	0.264	0.272
1981	0.253	0.263	0.273
1982	0.256	0.264	0.273
1983	0.239	0.259	0.273
1984	0.257	0.267	0.275
1985	0.263	0.271	0.279
1986	0.264	0.272	0.280
1987	0.270	0.279	0.287
1988	0.271	0.278	0.285
1989	0.277	0.285	0.293
1990	0.275	0.283	0.289
1991	0.269	0.278	0.286
1992	0.274	0.282	0.289
1993	0.280	0.288	0.295
1994	0.283	0.290	0.298
1995	0.278	0.285	0.293
1996	0.279	0.286	0.294
1997	0.275	0.282	0.289
1998	0.281	0.288	0.295
1999	0.287	0.294	0.302
2000	0.272	0.280	0.287
2001	0.278	0.285	0.291
2002	0.267	0.278	0.287
2003	0.270	0.278	0.285
2004	0.276	0.282	0.289
2005	0.278	0.285	0.291
2006	0.279	0.286	0.293
2007	0.280	0.286	0.292
