1800	0.250	0.500	0.750
1801	0.143	0.333	0.571
1802	0.333	0.667	1.000
1803	0.154	0.385	0.615
1804	0.105	0.263	0.474
1805	0.091	0.364	0.636
1806	0.214	0.500	0.786
1807	0.312	0.562	0.812
1808	0.133	0.333	0.600
1809	0.263	0.474	0.684
1810	0.414	0.586	0.759
1811	0.100	0.300	0.550
1812	0.400	0.600	0.800
1813	0.471	0.706	0.882
1814	0.600	0.800	0.950
1815	0.387	0.581	0.742
1816	0.350	0.600	0.800
1817	0.333	0.524	0.714
1818	0.333	0.542	0.750
1819	0.200	0.360	0.560
1820	0.259	0.444	0.630
1821	0.303	0.455	0.636
1822	0.323	0.516	0.677
1823	0.106	0.234	0.362
1824	0.234	0.362	0.511
1825	0.162	0.250	0.353
1826	0.182	0.318	0.455
1827	0.418	0.537	0.642
1828	0.214	0.357	0.500
1829	0.120	0.194	0.269
1830	0.203	0.312	0.438
1831	0.108	0.200	0.292
1832	0.368	0.485	0.603
1833	0.272	0.383	0.494
1834	0.293	0.402	0.512
1835	0.437	0.534	0.631
1836	0.230	0.338	0.432
1837	0.197	0.303	0.424
1838	0.217	0.333	0.450
1839	0.235	0.338	0.456
1840	0.196	0.283	0.380
1841	0.263	0.368	0.487
1842	0.291	0.392	0.506
1843	0.179	0.304	0.429
1844	0.200	0.295	0.389
1845	0.241	0.349	0.446
1846	0.276	0.382	0.487
1847	0.257	0.365	0.473
1848	0.287	0.400	0.512
1849	0.325	0.434	0.542
1850	0.264	0.363	0.462
1851	0.324	0.432	0.554
1852	0.227	0.303	0.379
1853	0.325	0.419	0.504
1854	0.312	0.402	0.491
1855	0.355	0.445	0.536
1856	0.387	0.467	0.547
1857	0.274	0.342	0.418
1858	0.374	0.484	0.593
1859	0.218	0.289	0.359
1860	0.325	0.413	0.500
1861	0.373	0.493	0.612
1862	0.342	0.447	0.553
1863	0.425	0.519	0.604
1864	0.401	0.479	0.563
1865	0.420	0.493	0.573
1866	0.355	0.434	0.513
1867	0.440	0.518	0.596
1868	0.358	0.439	0.527
1869	0.504	0.593	0.675
1870	0.415	0.504	0.585
1871	0.400	0.479	0.552
1872	0.316	0.386	0.462
1873	0.395	0.476	0.558
1874	0.348	0.432	0.510
1875	0.467	0.539	0.606
1876	0.385	0.454	0.534
1877	0.389	0.461	0.533
1878	0.351	0.429	0.506
1879	0.426	0.507	0.588
1880	0.407	0.472	0.538
1881	0.389	0.459	0.530
1882	0.395	0.460	0.525
1883	0.288	0.345	0.409
1884	0.372	0.430	0.488
1885	0.349	0.414	0.479
1886	0.408	0.468	0.528
1887	0.366	0.424	0.482
1888	0.299	0.352	0.405
1889	0.365	0.422	0.476
1890	0.347	0.394	0.446
1891	0.368	0.421	0.477
1892	0.329	0.371	0.418
1893	0.341	0.385	0.428
1894	0.310	0.354	0.398
1895	0.274	0.320	0.361
1896	0.323	0.362	0.399
1897	0.313	0.358	0.405
1898	0.285	0.324	0.366
1899	0.250	0.283	0.319
1900	0.336	0.392	0.450
1901	0.305	0.356	0.404
1902	0.286	0.341	0.399
1903	0.294	0.343	0.393
1904	0.300	0.348	0.396
1905	0.266	0.313	0.365
1906	0.323	0.371	0.419
1907	0.282	0.328	0.376
1908	0.335	0.377	0.421
1909	0.340	0.385	0.433
1910	0.296	0.335	0.374
1911	0.322	0.364	0.403
1912	0.285	0.321	0.359
1913	0.317	0.355	0.392
1914	0.310	0.351	0.391
1915	0.352	0.393	0.435
1916	0.294	0.337	0.378
1917	0.347	0.387	0.431
1918	0.298	0.340	0.381
1919	0.291	0.332	0.373
1920	0.306	0.343	0.379
1921	0.272	0.308	0.343
1922	0.284	0.321	0.356
1923	0.137	0.168	0.206
1924	0.200	0.238	0.281
1925	0.188	0.228	0.269
1926	0.230	0.269	0.314
1927	0.213	0.252	0.291
1928	0.227	0.264	0.306
1929	0.221	0.260	0.298
1930	0.241	0.279	0.316
1931	0.293	0.340	0.384
1932	0.234	0.275	0.325
1933	0.256	0.299	0.344
1934	0.262	0.307	0.353
1935	0.241	0.283	0.322
1936	0.293	0.343	0.390
1937	0.290	0.333	0.379
1938	0.314	0.360	0.411
1939	0.267	0.320	0.377
1940	0.241	0.292	0.339
1941	0.289	0.337	0.389
1942	0.269	0.314	0.366
1943	0.272	0.317	0.367
1944	0.314	0.367	0.422
1945	0.290	0.335	0.381
1946	0.267	0.306	0.347
1947	0.230	0.269	0.305
1948	0.265	0.307	0.349
1949	0.234	0.280	0.324
1950	0.253	0.289	0.332
1951	0.252	0.294	0.331
1952	0.234	0.272	0.310
1953	0.251	0.289	0.331
1954	0.250	0.286	0.322
1955	0.225	0.261	0.296
1956	0.243	0.280	0.318
1957	0.254	0.295	0.333
1958	0.232	0.273	0.312
1959	0.218	0.257	0.293
1960	0.244	0.281	0.319
1961	0.212	0.245	0.283
1962	0.221	0.258	0.297
1963	0.237	0.271	0.307
1964	0.213	0.249	0.286
1965	0.203	0.238	0.272
1966	0.219	0.253	0.287
1967	0.173	0.204	0.234
1968	0.194	0.224	0.253
1969	0.181	0.213	0.245
1970	0.201	0.229	0.260
1971	0.161	0.194	0.228
1972	0.193	0.229	0.266
1973	0.198	0.230	0.262
1974	0.207	0.241	0.274
1975	0.221	0.257	0.294
1976	0.255	0.293	0.333
1977	0.226	0.263	0.298
1978	0.229	0.260	0.294
1979	0.248	0.284	0.316
1980	0.257	0.293	0.329
1981	0.250	0.291	0.327
1982	0.281	0.317	0.355
1983	0.232	0.270	0.303
1984	0.244	0.278	0.317
1985	0.302	0.337	0.379
1986	0.291	0.327	0.366
1987	0.344	0.381	0.419
1988	0.346	0.381	0.417
1989	0.321	0.354	0.388
1990	0.328	0.360	0.395
1991	0.353	0.387	0.423
1992	0.384	0.422	0.460
1993	0.354	0.389	0.425
1994	0.399	0.434	0.470
1995	0.371	0.406	0.442
1996	0.409	0.443	0.478
1997	0.370	0.400	0.429
1998	0.384	0.421	0.456
1999	0.406	0.442	0.483
2000	0.379	0.411	0.446
2001	0.385	0.422	0.457
2002	0.374	0.412	0.449
2003	0.375	0.411	0.445
2004	0.366	0.399	0.433
2005	0.379	0.410	0.445
2006	0.384	0.418	0.453
2007	0.396	0.430	0.466
